128 699
0 58
0 12
0 19
0 105
0 85
0 75
0 98
0 51
1 58
1 17
1 96
1 9
1 12
1 82
1 43
1 4
2 46
2 55
2 64
2 70
2 94
2 95
2 100
2 104
2 114
2 117
2 4
2 73
3 126
3 92
3 80
3 13
3 28
3 33
3 7
3 4
3 34
4 5
4 22
4 46
4 49
4 64
4 76
4 78
4 91
4 29
4 106
4 43
4 35
4 52
4 42
4 32
4 60
4 88
4 110
4 74
4 66
4 92
4 119
4 58
4 109
4 61
4 44
4 79
4 107
4 118
4 123
4 93
4 87
4 65
4 50
4 48
4 56
4 116
4 104
4 86
4 97
4 25
4 94
4 45
4 20
4 121
4 117
4 72
4 11
4 39
4 57
4 38
4 71
4 68
4 47
4 114
4 59
4 12
4 81
4 54
4 83
4 37
4 112
4 14
4 16
4 69
4 111
4 26
4 122
4 105
4 102
4 31
4 40
4 99
4 101
4 23
4 17
4 24
4 100
4 75
4 55
4 70
4 95
5 58
5 75
5 106
5 115
5 36
5 51
6 64
6 65
6 66
6 71
6 74
6 81
6 86
6 102
6 121
7 55
7 59
7 23
7 61
8 25
8 32
8 39
8 54
8 56
8 60
8 70
8 72
8 78
8 102
8 26
8 12
8 76
8 81
8 83
8 31
8 79
8 43
8 40
8 47
9 35
9 55
9 65
9 78
9 79
9 111
10 35
10 40
10 49
10 57
10 59
10 64
10 72
10 74
10 90
10 102
10 107
10 118
10 121
11 84
11 58
11 53
11 12
11 21
11 92
12 24
12 25
12 32
12 39
12 47
12 55
12 63
12 72
12 79
12 90
12 99
12 102
12 117
13 23
13 68
13 78
13 79
13 87
13 88
14 24
14 40
14 57
14 60
14 63
14 64
14 94
14 95
14 114
14 123
14 34
15 16
15 24
15 42
15 50
15 65
15 66
15 70
15 74
15 94
15 95
15 99
15 118
15 123
16 27
16 19
16 105
16 17
16 127
17 48
17 64
17 66
17 78
17 81
17 95
17 103
17 104
17 110
18 32
18 40
18 42
18 50
18 61
18 64
18 78
18 79
18 97
18 102
18 104
18 114
19 22
19 39
19 40
19 42
19 45
19 47
19 55
19 57
19 61
19 76
19 78
19 79
19 100
19 104
19 118
20 69
20 72
20 87
20 94
20 95
20 102
20 118
20 121
20 123
21 46
21 54
21 64
21 65
21 72
21 76
21 83
21 118
22 28
22 26
22 96
22 67
22 29
22 34
23 82
23 75
23 51
23 36
23 93
23 73
24 125
24 36
24 28
25 33
25 108
25 80
25 112
26 39
26 44
26 47
26 66
26 70
26 72
26 78
26 87
26 100
26 101
26 102
26 104
26 117
27 44
27 57
27 59
27 64
27 66
27 78
27 81
27 95
27 97
27 121
28 44
28 45
28 46
28 64
28 68
28 72
28 78
28 88
28 95
28 103
28 117
28 122
29 42
29 47
29 71
29 78
29 101
29 121
30 46
30 47
30 48
30 61
30 66
30 78
30 90
30 91
31 52
31 66
31 68
31 78
31 99
31 123
31 34
32 41
32 53
32 36
32 82
32 124
32 108
33 50
33 61
33 66
33 78
33 86
33 100
33 102
34 40
34 54
34 59
34 103
34 117
34 121
34 58
34 86
34 72
34 102
34 114
34 69
34 48
34 83
34 39
34 49
34 111
34 38
34 106
34 90
34 74
34 43
34 56
34 88
34 42
34 78
34 95
34 97
34 46
34 104
34 57
34 109
35 112
35 106
35 82
35 58
35 124
35 43
35 51
36 39
36 45
36 49
36 72
36 119
37 64
37 72
37 81
37 102
37 121
37 123
38 49
38 59
38 72
38 78
38 103
38 123
39 43
39 41
40 62
40 126
40 43
41 45
41 52
41 69
41 71
41 72
41 101
41 107
41 114
41 117
41 119
42 112
42 51
43 59
43 66
43 72
43 74
43 78
43 86
43 100
44 53
44 51
45 105
45 77
46 96
46 67
46 58
46 77
46 120
46 89
47 82
47 108
47 85
47 127
47 67
47 89
47 77
47 51
48 62
48 109
48 85
48 124
49 85
50 93
50 75
51 69
51 87
51 94
51 95
51 101
51 118
51 119
51 71
51 75
51 117
51 123
51 86
51 93
51 66
51 56
52 120
52 84
52 82
52 112
52 93
53 94
53 95
53 102
53 122
54 93
54 75
54 67
55 125
55 113
55 58
55 96
56 58
56 109
56 105
56 120
57 105
57 85
58 76
58 83
58 110
58 111
58 121
59 115
59 108
59 113
59 62
59 125
60 62
60 98
60 85
61 96
61 85
61 126
61 89
61 75
61 116
61 106
62 66
62 68
62 78
62 101
62 102
62 117
62 121
63 125
63 115
63 96
64 98
64 112
64 116
64 113
64 120
64 125
64 127
64 82
64 106
64 108
64 84
65 85
65 120
66 106
66 126
66 82
66 93
66 92
66 125
66 127
66 109
66 89
66 98
66 115
67 72
67 78
67 88
67 107
67 111
67 119
67 123
68 108
68 113
69 89
69 116
70 84
70 82
70 106
71 96
71 98
71 92
72 115
72 127
72 120
72 112
72 113
72 105
72 85
72 93
72 77
72 109
72 75
72 73
73 78
73 81
73 92
74 75
74 93
74 84
76 92
76 125
76 98
77 95
77 99
77 102
77 123
78 98
78 92
78 112
78 85
78 108
78 106
78 93
78 82
78 126
79 80
79 93
79 113
79 124
80 91
80 100
80 104
81 125
82 88
82 111
82 122
83 109
83 127
83 92
84 102
84 107
84 114
84 122
85 119
86 126
86 106
87 98
87 127
88 106
88 120
89 102
89 117
89 121
90 126
90 92
90 125
91 108
91 112
92 102
92 103
92 110
92 122
93 101
93 103
93 104
93 117
93 123
94 112
94 116
95 124
95 96
95 127
96 111
97 113
97 112
97 106
98 103
99 105
100 127
101 116
101 112
102 113
102 127
102 120
102 115
102 125
103 109
103 124
104 106
104 115
105 117
105 121
105 123
107 108
108 111
108 114
110 116
110 125
112 123
117 126
118 120
118 124
118 127
119 126
123 124